0,llh,0,0.11,1,0.11,2,0.11,45,0.11
0,rlh,0,0.11,1,0.11,2,0.11,45,0.11
0,lth,0,0.11,1,0.11,2,0.11,45,0.11
-14,0,lthh,0,0.11,3,0.11
0,rth,0,0.11,1,0.11,2,0.11,45,0.11
-14,0,rthh,0,0.11,3,0.11
0,leh,0,0.11,1,0.11
0,reh,0,0.11,1,0.11
0,lkh,0,0.11,1,0.11
0,rkh,0,0.11,1,0.11
0,lfh,2,0.11,1,0.11
0,rfh,2,0.11,1,0.11
0,tf,0,0.11
-14,0,htf,0,0.11,3,0.11
-11,0,ysh,0,0.11,3,0.11
-11,0,ydh,0,0.11,3,0.11
-11,0,ydjh,0,0.11,3,0.11
-12,0,msh,0,0.11,3,0.11
-12,0,mdh,0,0.11,3,0.11
-12,0,mdjh,0,0.11,3,0.11
-13,0,osh,0,0.11,3,0.11
-13,0,odh,0,0.11,3,0.11
-13,0,odjh,0,0.11,3,0.11

1,dis,6,0.25,10,1,20,1,23,1,32,1,58,1,60,1,62,1,64,1
1,hd,16,1,22,1
1,hdis,37,1
1,rhd,52,1
1,ee,68,1
1,jp,6,0.25,20,1,58,1,60,1,62,1,64,1
1,spr,6,0.25,58,1,60,1,62,1,64,1
1,con,37,1,43,1,53,1,39,1
1,mh,25,1,31,1,37,1,51,1,58,1,60,1,62,1,64,1
-1,1,cmh,42,1 
1,ma,42,1,33,1,53,1
1,mm,44,1
1,tm,16,1

2,oste,25,1,53,1,33,1,29,1
2,hei,18,1,33,0.33,68,1
2,shs,51,1
2,shl,28,1
2,sco,68,1,37,1,58,1,60,1,62,1,64,1
2,kysc,25,1,53,1,31,1
2,dura,68,1
2,protu,68,1
2,pectc,68,1,33,1,13,1
2,pecte,68,1,33,1,13,1
2,radul,52,1
2,shcla,52,1
2,antsp,52,1
2,smili,52,1
2,pecfi,53,1
2,arach,18,1,37,1,53,1,33,1
2,flaf,6,0.25,68,1,53,1,13,0.5,37,0.5,58,1,60,1,62,1,64,1
2,hind,68,1
2,talip,16,1,33,1,39,1,53,1
2,halx,13,0.5,37,0.5

-4,3,skhy,40,0.25,5,0.5,8,0.5,12,1,18,1,24,1,29,1,33,1,53,1,49,0.5
3,doso,6,1,8,0.5,18,1,29,1,53,0.33,37,1,44,1
3,trask,53,0.33,16,1
3,redsk,28,1
-5,3,inpa,40,0.25,28,1,53,1
3,pacur,53,1
3,unstri,68,1,18,1
3,piez,18,1
3,epifol,6,1
3,mollusc,6,1
3,subsph,6,1
3,preplaq,48,1
3,hypker,33,1
3,acrog,49,1,16,1
3,skfra,6,1,25,0.5,33,1,12,1
3,exfrask,27,1
-6,3,skatrop,40,0.25,5,1,8,-2,18,1,49,1,44,1,25,1,12,1 
-7,3,bruise,40,0.25,6,1,8,1,12,1,16,1,25,1,49,1,33,1 

4,promvasc,49,1
4,varico,16,1
4,carval,11,1
4,mitval,18,1,68,1
4,aordil,18,1,72,1
4,arttur,66,1
4,ccsf,16,1
4,aneur,66,1,53,1
4,arteria,33,1,15,1

5,pericomp,28,1
5,viscfra,29,1
-2,5,uterrup,16,1
5,prolap,18,1
5,hernia,6,1,18,1,33,1,49,1
5,ingher,33,1,13,1
5,umbher,33,1,28,1
5,colrup,15,1
5,pneumo,16,1

6,blusc,33,1,53,0.5,36,1
6,strabi,29,1
6,refraer,33,1,29,1
-3,6,myo,37,1,68,1 
-3,6,hypmet,52,1 
6,cloucor,53,1
6,keratc,36,1,16,1
6,keratg,36,1
6,micrco,33,1
6,corth,35,1
6,prostro,37,1
6,corsca,37,1
6,retdet,37,1
6,lendis,71,1
6,sclfra,33,1

7,ginrec,16,1
7,lagin,47,1
7,seper,47,1
7,dencro,18,1,33,0.33
7,toabn,29,1,53,1
7,bifuv,66,1

8,triafa,16,0.33,53,0.2
8,lonfa,68,0.2,49,0.2
-8,8,facass,40,0.33 
8,retrogn,68,0.2,49,0.2
8,malahyp,68,0.2,49,0.2
-9,8,font,40,0.33,27,0.33 
8,loear,53,0.2
8,protey,16,0.33,27,0.33,53,0.2
8,receye,68,0.2,49,0.2
8,pufeye,27,0.33
-10,8,palpfis,40,0.33,68,0.2,49,0.2
8,hyptel,66,1,53,0.2
8,smamou,53,0.2
8,thlip,16,0.33

9,demot,29,1,53,1,44,1
9,decog,53,1
9,groreta,28,1

10,famcla,6,1
10,famhyp,19,1
10,famvasc,16,1
10,fammar,69,1
10,genmar,70,1
10,autorec,9,1,11,1

11,hirs,29,1
11,hearim,33,1,37,1
11,blad,33,1
11,lunhyp,53,1
11,ratinf,49,1




